0
39.06
78.12
117.19
156.25
195.31
234.38
273.44
312.5
351.56
390.62
429.69
468.75
507.81
546.88
585.94
625
664.06
703.12
742.19
781.25
820.31
859.38
898.44
937.5
976.56
1015.62
1054.69
1093.75
1132.81
1171.88
1210.94
1250
1289.06
1328.12
1367.19
1406.25
1445.31
1484.38
1523.44
1562.5
1601.56
1640.62
1679.69
1718.75
1757.81
1796.88
1835.94
1875
1914.06
1953.12
1992.19
2031.25
2070.31
2109.38
2148.44
2187.5
2226.56
2265.62
2304.69
2343.75
2382.81
2421.88
2460.94
2500
2539.06
2578.12
2617.19
2656.25
2695.31
2734.38
2773.44
2812.5
2851.56
2890.62
2929.69
2968.75
3007.81
3046.88
3085.94
3125
3164.06
3203.12
3242.19
3281.25
3320.31
3359.38
3398.44
3437.5
3476.56
3515.62
3554.69
3593.75
3632.81
3671.88
3710.94
3750
3789.06
3828.12
3867.19
3906.25
3945.31
3984.38
4023.44
4062.5
4101.56
4140.62
4179.69
4218.75
4257.81
4296.88
4335.94
4375
4414.06
4453.12
4492.19
4531.25
4570.31
4609.38
4648.44
4687.5
4726.56
4765.62
4804.69
4843.75
4882.81
4921.88
4960.94
5000
5039.06
5078.12
5117.19
5156.25
5195.31
5234.38
5273.44
5312.5
5351.56
5390.62
5429.69
5468.75
5507.81
5546.88
5585.94
5625
5664.06
5703.12
5742.19
5781.25
5820.31
5859.38
5898.44
5937.5
5976.56
6015.62
6054.69
6093.75
6132.81
6171.88
6210.94
6250
6289.06
6328.12
6367.19
6406.25
6445.31
6484.38
6523.44
6562.5
6601.56
6640.62
6679.69
6718.75
6757.81
6796.88
6835.94
6875
6914.06
6953.12
6992.19
7031.25
7070.31
7109.38
7148.44
7187.5
7226.56
7265.62
7304.69
7343.75
7382.81
7421.88
7460.94
7500
7539.06
7578.12
7617.19
7656.25
7695.31
7734.38
7773.44
7812.5
7851.56
7890.62
7929.69
7968.75
8007.81
8046.88
8085.94
8125
8164.06
8203.12
8242.19
8281.25
8320.31
8359.38
8398.44
8437.5
8476.56
8515.62
8554.69
8593.75
8632.81
8671.88
8710.94
8750
8789.06
8828.12
8867.19
8906.25
8945.31
8984.38
9023.44
9062.5
9101.56
9140.62
9179.69
9218.75
9257.81
9296.88
9335.94
9375
9414.06
9453.12
9492.19
9531.25
9570.31
9609.38
9648.44
9687.5
9726.56
9765.62
9804.69
9843.75
9882.81
9921.88
9960.94
10000
